784
19 112.64 1997.25
11 113.95 1996.50
11 115.33 1914.00
09 116.66 1836.75
09 117.97 1837.00
11 119.31 1869.25
11 120.62 1857.50
13 121.95 1816.50
12 123.31 1776.00
12 124.66 1737.25
11 125.98 1709.75
11 127.36 1664.75
13 128.72 1639.00
11 130.05 1614.00
12 131.39 1582.50
12 132.70 1553.50
12 134.08 1537.00
15 135.39 1488.75
28 136.78 1434.25
23 138.05 1451.00
19 139.34 1420.75
14 140.67 1433.50
14 142.03 1415.75
13 143.34 1403.00
28 144.73 1369.00
33 146.06 1361.75
15 147.36 1365.75
13 148.73 1351.00
13 150.02 1341.00
13 151.33 1333.75
12 152.69 1327.75
11 154.00 1316.50
14 155.36 1311.00
16 156.72 1305.75
14 158.03 1300.25
15 159.31 1299.00
13 160.72 1286.00
16 161.95 1290.25
11 163.23 1285.25
14 164.53 1290.00
13 165.86 1285.00
16 167.23 1280.75
15 168.50 1281.00
12 169.89 1275.75
14 171.17 1279.50
13 172.53 1284.75
12 173.78 1290.00
16 175.14 1285.75
15 176.48 1290.25
14 177.77 1290.50
13 179.11 1305.75
11 180.45 1310.50
14 181.75 1317.00
09 183.09 1332.75
17 185.28 652.25
15 186.66 652.00
19 188.02 658.50
22 189.61 584.50
11 190.84 577.00
09 194.66 270.75
11 195.89 259.25
11 196.88 258.75
12 198.36 260.00
11 200.12 261.75
11 200.86 268.25
11 202.42 277.50
09 203.33 287.50
10 204.41 299.25
09 205.31 332.25
10 207.14 493.75
17 208.58 442.75
29 209.89 434.25
17 211.19 441.50
32 212.52 449.50
30 213.78 451.75
31 215.16 453.00
30 216.66 455.50
27 217.80 458.00
30 219.09 458.75
31 220.61 458.50
24 221.89 462.25
17 222.94 475.00
21 224.38 496.75
20 225.61 509.50
20 226.75 551.00
23 227.94 566.25
09 229.28 597.75
19 230.42 604.75
24 231.97 595.50
22 233.23 593.25
17 234.61 597.25
12 235.95 611.75
17 238.50 2734.25
18 239.83 2709.50
18 241.16 2707.75
18 242.48 2669.25
15 243.81 2709.50
10 245.12 2710.00
26 246.45 2735.50
29 247.78 2712.50
27 249.12 2693.50
30 250.45 2687.00
27 251.80 2681.25
26 253.11 2677.00
27 254.44 2648.75
30 255.77 2657.50
26 257.02 2643.75
28 258.31 2641.50
26 259.66 2636.50
29 260.97 2638.25
31 262.28 2636.25
32 263.59 2637.00
28 264.92 2639.75
29 266.25 2641.50
25 267.58 2643.50
10 268.98 2130.00
36 270.30 2145.75
33 271.61 2158.00
32 272.92 2168.00
32 274.27 2179.00
31 275.59 2184.75
32 276.92 2191.00
37 278.22 2212.00
32 279.55 2223.00
31 280.89 2244.00
30 282.19 2252.25
29 283.50 2276.25
29 284.81 2302.00
30 286.14 2315.75
15 287.47 2200.00
15 288.83 2075.50
15 290.22 1972.75
15 291.56 1868.75
18 293.09 1409.75
22 294.39 1351.50
22 295.75 1303.00
21 297.08 1256.00
21 298.42 1213.50
22 299.88 1170.25
24 301.16 1129.25
24 302.52 1091.75
26 303.92 1057.50
34 305.06 1077.75
33 306.39 1101.50
34 307.67 1127.50
31 309.00 1149.25
26 310.30 1167.25
27 311.61 1144.00
31 312.91 1120.25
29 314.30 1101.00
26 315.66 1079.50
21 316.97 1045.25
22 318.25 1029.75
17 319.61 1014.50
17 320.92 997.75
16 322.30 977.75
18 323.69 961.75
19 325.03 947.50
16 326.34 935.50
10 327.69 924.00
21 334.44 861.75
25 335.80 854.25
27 337.12 847.25
22 338.44 836.00
27 339.78 826.75
28 341.12 820.75
30 342.39 816.00
28 343.67 810.25
25 345.08 804.75
26 346.36 800.25
24 347.67 797.00
24 349.14 793.50
31 350.34 791.25
27 351.66 785.50
25 353.03 787.75
26 354.58 786.50
25 355.95 787.50
28 357.20 787.75
28 358.61 786.75
26 359.89 787.75
26 1.16 789.50
26 2.50 792.25
26 3.89 797.00
18 5.17 801.00
25 6.50 804.25
27 7.83 809.00
26 9.11 815.25
25 10.56 820.75
20 11.80 828.50
23 13.14 835.25
13 14.39 850.00
09 23.78 390.75
11 24.97 388.00
10 26.59 384.00
16 29.97 1007.75
17 31.27 1024.75
18 32.53 1049.50
15 33.84 1069.25
16 35.16 1094.00
20 36.44 1117.50
13 44.23 1295.75
22 45.52 1328.50
23 46.80 1366.50
22 48.17 1413.25
21 49.42 1453.00
19 50.72 1501.00
19 52.03 1557.25
20 53.30 1605.75
19 54.64 1657.50
38 55.92 1664.25
35 57.27 1647.25
37 58.64 1629.50
38 59.92 1619.25
36 61.23 1604.50
37 62.58 1591.00
36 63.92 1580.75
39 65.33 1568.75
40 66.62 1560.00
38 67.92 1551.50
39 69.27 1544.25
41 70.62 1536.25
20 75.11 858.25
35 79.73 2064.50
22 81.08 1981.75
36 82.33 2065.75
35 83.69 2065.00
18 85.05 1994.50
30 86.39 1837.50
29 87.72 1836.50
10 90.52 554.00
21 92.02 497.25
21 93.17 504.25
17 95.75 1745.50
15 97.09 1757.75
17 98.38 1775.25
15 99.70 1802.25
09 101.05 1858.25
25 102.39 1832.25
23 103.69 1843.25
21 105.03 1855.50
22 106.36 1870.25
20 107.66 1890.25
23 108.95 1915.25
23 110.28 1946.25
21 111.62 1972.25
16 112.98 2011.50
12 114.30 1985.50
09 115.64 1902.50
12 116.97 1794.25
10 118.30 1857.50
12 119.61 1858.25
12 120.98 1816.75
10 122.33 1785.00
12 123.64 1746.00
11 125.02 1702.25
14 126.34 1673.25
13 127.69 1639.00
13 129.03 1607.25
14 130.39 1589.25
11 131.75 1553.25
12 133.02 1537.75
12 134.41 1521.50
24 135.75 1442.00
26 137.12 1434.00
25 138.44 1408.50
28 139.78 1420.00
14 141.06 1420.75
10 142.42 1408.00
12 143.78 1395.25
25 145.12 1367.25
13 146.47 1362.50
15 147.81 1350.75
12 149.09 1349.75
14 150.45 1333.25
16 151.73 1326.50
12 153.12 1316.75
17 154.45 1316.00
16 155.77 1310.00
14 157.06 1301.00
14 158.47 1295.50
14 159.77 1299.75
13 161.00 1286.00
16 162.30 1285.50
14 163.66 1280.75
13 165.02 1280.75
14 166.31 1280.25
14 167.62 1279.75
13 169.00 1280.25
13 170.33 1280.00
15 171.59 1285.75
13 172.91 1289.50
15 174.22 1281.50
14 175.59 1291.00
12 176.94 1290.75
15 178.22 1300.00
14 179.55 1305.50
14 180.86 1315.25
13 182.19 1321.00
13 183.50 1333.75
20 185.81 644.75
15 187.06 654.00
23 188.59 596.00
23 189.84 580.00
10 193.02 277.00
10 194.56 262.00
12 196.14 260.75
11 198.08 257.75
12 198.52 260.25
11 199.86 262.25
12 201.42 272.00
10 202.67 280.50
10 203.70 298.25
10 204.58 309.75
16 207.69 456.75
22 208.95 436.00
25 210.44 435.50
29 211.81 447.75
30 213.02 450.00
27 214.38 452.75
30 215.50 456.25
29 216.75 458.50
26 218.30 459.75
29 219.39 461.75
28 220.73 462.75
21 222.23 469.25
14 223.38 487.00
23 224.62 504.50
11 225.92 522.00
21 227.03 567.50
25 228.23 583.25
16 229.62 618.00
21 230.92 607.00
24 232.28 601.75
23 233.58 604.25
15 234.88 616.00
16 237.56 2740.25
11 238.88 2734.00
19 240.22 2711.00
16 241.55 2711.00
16 242.88 2728.75
18 244.20 2713.25
26 245.53 2738.75
27 246.86 2731.00
31 248.20 2700.00
28 249.50 2692.25
28 250.86 2684.50
26 252.19 2677.00
27 253.52 2675.25
28 254.84 2660.00
26 256.19 2658.50
31 257.44 2644.50
29 258.75 2641.75
27 260.05 2640.50
26 261.39 2639.00
30 262.73 2638.25
28 264.05 2639.00
29 265.36 2639.00
28 266.67 2643.25
27 268.02 2644.25
34 269.42 2150.50
35 270.75 2154.50
31 272.06 2159.50
34 273.41 2171.25
35 274.73 2183.00
33 276.05 2190.50
33 277.36 2202.50
33 278.66 2219.50
33 280.03 2233.50
29 281.27 2248.75
29 282.56 2266.00
30 283.91 2282.00
31 285.20 2308.00
15 286.55 2281.25
15 287.89 2146.00
14 289.23 2045.75
16 290.56 1938.00
14 291.95 1829.50
20 293.47 1389.75
21 294.78 1334.50
21 296.12 1286.25
21 297.53 1241.00
19 298.88 1195.25
23 300.19 1153.00
23 301.52 1114.75
20 302.89 1079.75
35 304.23 1064.00
34 305.50 1089.25
32 306.80 1111.25
35 308.09 1134.50
35 309.34 1165.00
29 310.72 1157.25
28 312.05 1136.25
28 313.36 1113.75
28 314.69 1095.25
27 316.05 1072.50
22 317.36 1037.25
22 318.77 1024.25
17 320.09 1007.50
17 321.41 989.75
18 322.72 973.75
18 324.05 958.00
17 325.38 944.50
10 326.73 927.50
21 334.91 857.50
26 336.23 847.75
26 337.48 843.00
27 338.78 831.75
26 340.19 824.00
26 341.52 817.25
29 342.80 813.50
27 344.12 807.25
27 345.53 802.00
24 346.91 797.25
26 348.22 794.75
25 349.55 792.50
27 350.84 786.25
27 352.11 786.75
26 353.58 788.00
26 354.94 786.75
28 356.33 787.25
26 357.66 787.00
25 358.95 786.25
27 0.27 787.50
26 1.58 788.50
26 3.00 792.25
24 4.25 795.00
23 5.55 803.75
24 6.88 805.00
27 8.23 811.00
25 9.58 815.00
24 10.84 820.00
21 12.22 828.50
22 13.53 838.75
12 24.33 381.75
11 25.39 394.75
10 27.00 384.00
17 30.31 1011.25
17 31.70 1028.25
18 32.94 1050.50
15 34.22 1074.50
19 35.56 1094.50
11 38.19 1139.50
15 47.27 1372.50
21 48.58 1408.00
13 52.41 1552.75
20 53.72 1612.00
23 55.02 1663.50
34 56.34 1656.25
35 57.69 1640.00
37 59.03 1624.00
37 60.34 1608.00
36 61.67 1598.00
34 63.02 1588.25
39 64.33 1579.75
37 65.70 1566.50
39 67.02 1557.75
39 68.36 1549.00
41 69.67 1540.00
42 70.98 1533.50
18 75.56 856.25
10 78.75 2074.00
15 80.12 1938.25
11 81.45 1996.25
35 82.77 2063.25
36 84.05 2066.50
33 86.73 1836.75
09 88.06 1847.50
12 90.80 556.00
22 92.45 495.75
12 92.09 1728.00
12 94.73 1747.75
17 96.08 1754.25
16 97.36 1765.75
15 98.69 1785.25
14 100.00 1805.75
12 101.34 1828.25
25 102.64 1829.50
24 103.97 1846.75
22 105.28 1864.50
20 106.64 1878.00
23 107.92 1886.50
24 109.23 1916.75
20 110.55 1950.00
19 111.86 1982.50
09 113.31 2048.75
12 114.70 1806.50
12 116.05 1777.25
29 117.48 1558.25
10 118.66 1868.75
14 120.02 1847.00
14 121.38 1797.50
12 122.69 1765.25
10 124.05 1719.25
12 125.41 1682.75
11 126.69 1664.25
13 128.08 1630.75
13 129.41 1598.00
12 130.75 1575.50
12 132.06 1552.75
13 133.45 1530.25
12 134.78 1502.50
30 136.16 1432.75
28 137.47 1443.50
29 138.86 1409.75
12 140.14 1428.00
13 141.47 1414.75
13 142.81 1402.75
28 144.19 1372.50
19 145.50 1362.75
13 146.81 1362.50
13 148.12 1350.50
14 149.53 1344.75
15 150.80 1335.00
13 152.16 1322.75
12 153.52 1317.25
15 154.83 1315.25
15 156.20 1305.75
13 157.50 1305.25
14 158.83 1295.75
15 160.19 1290.50
12 161.42 1290.25
14 162.77 1286.00
14 164.05 1289.50
12 165.34 1285.50
14 166.70 1281.25
14 168.08 1280.50
14 169.39 1280.50
11 170.66 1285.00
14 172.06 1285.50
13 173.30 1290.25
13 174.64 1290.25
15 175.98 1295.50
15 177.28 1296.25
14 178.66 1305.25
14 179.95 1315.50
14 181.28 1322.25
12 182.61 1327.50
10 183.94 1332.75
15 186.16 645.50
21 187.45 657.25
21 188.88 590.75
24 190.39 575.50
10 194.11 270.75
11 195.14 259.50
11 196.59 258.00
12 198.44 257.75
12 199.23 261.00
11 200.89 264.50
11 201.58 275.00
10 202.73 285.00
10 204.06 297.50
10 204.97 325.25
15 208.09 446.25
27 209.64 435.75
17 210.98 442.00
29 212.05 449.75
28 213.39 452.75
30 214.75 455.50
27 215.97 458.00
27 217.47 460.25
29 218.66 461.75
31 220.16 464.00
25 221.36 465.00
18 222.58 476.25
23 223.81 499.25
22 225.12 508.75
10 226.41 544.50
23 227.62 574.25
11 228.84 594.75
18 230.09 602.25
23 231.45 595.00
23 232.73 594.00
20 234.09 596.00
09 235.55 607.25
09 236.72 2781.75
17 238.08 2737.25
18 239.41 2728.00
18 240.73 2727.25
16 242.08 2729.00
16 243.41 2730.50
24 244.73 2756.00
27 246.08 2736.50
28 247.41 2730.50
31 248.73 2698.25
30 250.06 2691.00
28 251.39 2682.00
29 252.72 2677.00
26 254.06 2673.75
25 255.38 2647.00
29 256.58 2645.25
30 257.88 2642.25
28 259.22 2641.50
28 260.56 2639.25
29 261.89 2639.25
29 263.17 2638.75
28 264.50 2641.50
31 265.86 2639.25
27 267.16 2643.50
28 268.47 2646.00
32 269.89 2152.50
36 271.20 2157.50
32 272.55 2169.00
32 273.86 2175.25
33 275.16 2185.75
34 276.48 2192.00
35 277.80 2213.75
33 279.16 2220.25
33 280.50 2243.25
27 281.78 2252.50
29 283.09 2275.75
29 284.42 2303.25
28 285.77 2312.75
12 287.06 2261.50
15 288.44 2119.00
16 289.78 2019.25
17 291.12 1913.25
12 292.52 1711.25
20 293.98 1375.00
18 295.34 1326.50
21 296.67 1275.50
23 298.03 1228.50
23 299.45 1183.00
23 300.72 1142.00
21 302.11 1106.50
22 303.47 1072.00
32 304.83 1075.50
33 306.05 1099.25
37 307.36 1124.00
32 308.66 1149.50
33 309.91 1176.75
28 311.30 1153.00
30 312.66 1129.25
25 313.94 1106.75
27 315.27 1087.00
24 316.67 1064.50
22 317.98 1033.50
18 319.38 1021.00
17 320.70 1002.25
17 322.03 983.75
16 323.33 969.50
20 324.64 953.25
17 325.98 937.00
21 327.31 922.75
13 328.73 910.50
12 331.42 888.00
09 332.81 887.00
22 334.16 864.25
25 335.41 854.75
27 336.86 848.00
22 338.20 838.75
31 339.50 830.25
28 340.81 823.75
27 342.19 816.00
27 343.48 809.75
26 344.86 806.50
25 346.09 802.00
25 347.48 797.50
26 348.84 795.50
27 350.20 791.00
28 351.39 786.25
26 352.75 787.50
27 354.19 787.75
24 355.56 788.00
27 356.94 787.75
27 358.30 787.75
26 359.50 788.00
26 0.94 788.25
22 2.14 793.00
26 3.53 796.50
20 4.86 800.50
25 6.27 804.75
26 7.47 811.00
28 8.78 814.25
24 10.19 819.75
22 11.50 826.25
23 12.75 835.25
09 17.38 332.50
09 23.52 384.50
11 24.56 392.00
10 25.92 391.75
17 29.70 1002.50
19 31.02 1020.75
19 32.30 1045.50
17 33.52 1064.50
16 34.91 1089.25
17 36.22 1110.25
17 46.59 1356.25
22 47.86 1392.00
22 49.22 1438.25
11 50.52 1480.50
13 51.80 1536.00
19 53.11 1584.00
18 54.39 1645.00
36 55.72 1664.75
35 57.02 1648.00
37 58.38 1634.75
38 59.69 1616.00
39 61.02 1607.00
36 62.36 1592.00
39 63.64 1581.25
39 64.98 1573.00
37 66.38 1560.25
41 67.66 1553.00
41 69.00 1541.25
42 70.34 1537.25
24 71.66 1539.00
27 74.86 846.25
34 79.42 2064.50
13 80.73 2007.50
18 82.03 2061.00
36 83.41 2065.75
12 84.75 1997.25
30 86.09 1841.25
35 87.41 1837.50
21 90.09 553.75
22 91.61 495.50
17 92.97 503.50
17 95.42 1753.50
16 96.75 1758.00
17 98.09 1776.50
15 99.41 1787.25
09 100.69 2010.00
25 102.05 1826.00
23 103.39 1843.00
22 104.69 1849.00
23 106.00 1868.25
20 107.36 1888.75
22 108.64 1906.00
24 109.98 1945.25
20 111.31 1963.50
19 112.64 2000.00
11 114.00 1986.25
11 115.36 1913.00
11 116.69 1796.25
11 118.03 1847.75
12 119.36 1868.75
14 120.70 1817.00
13 122.06 1785.25
13 123.36 1738.75
10 124.72 1718.00
14 126.05 1689.00
11 127.39 1648.00
11 128.75 1621.50
12 130.05 1597.75
12 131.45 1554.00
12 132.77 1538.00
12 134.12 1528.75
27 135.42 1447.00
30 136.81 1432.25
22 138.17 1420.00
30 139.52 1414.00
15 140.81 1427.25
12 142.16 1403.25
17 143.52 1392.25
35 144.84 1364.50
17 146.17 1367.25
14 147.45 1355.50
15 148.86 1349.75
15 150.16 1335.00
11 151.52 1327.50
14 152.81 1317.25
13 154.17 1315.75
12 155.50 1305.75
11 156.84 1300.75
11 158.14 1300.25
10 159.45 1300.00
11 160.81 1294.75
12 161.98 1290.00
11 163.38 1285.50
11 164.66 1285.50
13 166.00 1284.75
10 167.38 1279.75
15 168.61 1285.00
12 170.00 1280.25
13 171.25 1284.50
14 172.59 1285.50
14 173.97 1281.75
14 175.22 1295.00
13 176.56 1296.00
14 177.89 1296.25
14 179.25 1305.75
13 180.52 1315.75
12 181.83 1321.50
14 183.19 1333.00